<?xml version="1.0" encoding="utf-8"?>
<opencv_storage>
   <Y_DISTANCE_BETWEEN_GUN_AND_CAM>60</Y_DISTANCE_BETWEEN_GUN_AND_CAM>
   <Z_DISTANCE_BETWEEN_MUZZLE_AND_CAM>34</Z_DISTANCE_BETWEEN_MUZZLE_AND_CAM>
   <Camera_Matrix type_id="opencv-matrix">
      <rows>3</rows>
      <cols>3</cols>
      <dt>d</dt>
      <data>1039.4865625391900000 0.0000000000000000 316.4180899304880000 
 0.0000000000000000 1039.353157786020000 259.8881988114650000 
 0.0000000000000000 0.0000000000000000 1.0000000000000000 
</data>
   </Camera_Matrix>
   <Distortion_Coefficients type_id="opencv-matrix">
      <rows>5</rows>
      <cols>1</cols>
      <dt>d</dt>
      <data>-0.103621005222992 0.132444751012341 0.0000000000000000 0.0000000000000000 0.0000000000000000 </data>
   </Distortion_Coefficients>
</opencv_storage>
